.Random.seed <-
c(403L, 361L, 1374332748L, -752963669L, -1487052203L, 978471888L, 
-896082992L, -1580838711L, -136307292L, 908110819L, 484385791L, 
48469005L, 131472459L, 399744279L, -1033602134L, 887845744L, 
341612955L, 2039943626L, -1900127316L, 395520430L, -1178612969L, 
1781800693L, -203927991L, 1184479323L, 528833385L, -1187296202L, 
-802633310L, 12594662L, 1818764119L, -1583653140L, 421189074L, 
1099374098L, -2091228161L, -1670620157L, -1335413386L, -1869597343L, 
1410450156L, 1083749882L, 1977945344L, -1963775063L, -1139383648L, 
-260359371L, -407499013L, -1662288987L, 1336703847L, -611180002L, 
1432751405L, 231383601L, -481210477L, 473559899L, -1904142421L, 
-995541449L, -1073535633L, -799145364L, 551707216L, -1198257731L, 
1170239808L, -845820473L, -1682208936L, 153825954L, -446170871L, 
-1759143269L, 1938639707L, -1007504458L, 1493340110L, -409888904L, 
-2003209767L, -1637675945L, 476109583L, -1017486383L, 638650296L, 
-361290829L, -707482766L, 2129382105L, -1134312133L, -1622239217L, 
-385694795L, -390884863L, -19122071L, -1388738684L, -1386104276L, 
1815471599L, 753922706L, 1915164795L, 336180784L, 1662489351L, 
-1112400255L, -1990433166L, -749742585L, -1322696347L, 860549371L, 
-1821179194L, 712626545L, 2053118422L, -331966738L, 1283304466L, 
-159591538L, 1443363718L, -1942947167L, -1459372052L, -836636975L, 
-291036104L, -679550337L, -2071092232L, -578557241L, 1065296478L, 
-1387080351L, -1880641988L, 2134760834L, 595847262L, -888942421L, 
-1872689088L, 1660743186L, -1751954427L, 538654958L, 1677320552L, 
1040795847L, 1989218835L, 4295998L, -2035758978L, 1099119016L, 
-1330411645L, 456010874L, 881676227L, 1428295704L, -342999090L, 
-2084205808L, 1044310191L, -645078833L, 165423397L, 1922950677L, 
1787342785L, -874818746L, 1754100265L, 668941467L, -1694320168L, 
-1927490650L, -464869559L, 1339416553L, -1620846434L, 1183744102L, 
762183799L, -1331316755L, -1760752584L, -1060372L, 2051282383L, 
-825521163L, -977706455L, 1105086849L, -2133903594L, -1498493713L, 
1003383310L, 896083265L, 831844714L, -1377743345L, 35056634L, 
-293254455L, 760093202L, -713419373L, 1768525266L, 73120120L, 
153280510L, -83974700L, -787004590L, 1863471510L, 1807626191L, 
-835513376L, 331931559L, -478836611L, 427798839L, -239171418L, 
-366956448L, 2086619595L, 817981865L, -1787579825L, -2045881667L, 
1373672616L, -823522574L, -1071720327L, 1762052850L, -1693495155L, 
-37626117L, 1914294215L, -486530401L, -1360944794L, 658224401L, 
1753092575L, -1719118935L, 1537936601L, 426714429L, -817130575L, 
-125632175L, -396946387L, 554585547L, 369645225L, 32709902L, 
156575332L, 1107775362L, -786013348L, 1979032676L, 1336249945L, 
-1004840993L, -1462447763L, 78737698L, 310868929L, -1751745086L, 
919584345L, 1353852021L, -1557237618L, 1640674021L, 1200317168L, 
-629531620L, 1186139475L, 696249294L, 1449191747L, -914507855L, 
-972427571L, 1903882195L, -888424410L, 827093509L, -30080016L, 
-1211470314L, -1499050997L, -1189233563L, -1506576132L, -1560905340L, 
1890066256L, 592318960L, -1218944812L, -521464745L, -249846215L, 
-450070604L, -221530843L, 1381296869L, 1936758851L, 373679759L, 
2098767182L, 892996561L, -2061724953L, 1341024130L, 825129932L, 
-1698140430L, -341873116L, -1238678238L, -1700791471L, -876442790L, 
-342179502L, 1691867974L, 1171458345L, 1837379822L, -1959862754L, 
-473002231L, 1038236977L, 1192652371L, -1206747885L, 1683870317L, 
1493554166L, 1323948015L, 2044261528L, 2079394075L, 2084025067L, 
-1455807514L, -676409311L, 942744362L, -1315388845L, 611451461L, 
-614951685L, 1516879843L, -123774872L, 2022676124L, -1040397600L, 
67075030L, -379555676L, -2128369987L, -1177471140L, -1397861636L, 
1037544420L, -1562387861L, 1599662137L, -1873259814L, 1414716617L, 
-136965914L, 528029418L, -800161394L, -1556400140L, 2113450163L, 
1375129395L, 1037446754L, 805424880L, -381011147L, 130711309L, 
777663518L, -577148799L, -1113461849L, 2129342917L, -1769703184L, 
-1481029605L, 1211374607L, 287670750L, -1827460823L, 1152318321L, 
1183495405L, 1614594791L, -2113696563L, -622498730L, -216612138L, 
-1768363785L, 868002783L, 1602556914L, -1423042934L, 1100456744L, 
-143751921L, 1611748238L, 1050231411L, 951464892L, -443285173L, 
-177535678L, -210009172L, 2093660621L, 1150938596L, -458905712L, 
1600542520L, 1751685965L, -1007843175L, -1647616094L, 92437985L, 
-304913132L, -2062860831L, -2087260692L, 1934090639L, -1908478668L, 
-965927288L, 582945475L, 99830670L, 1145987854L, -336559733L, 
1848007241L, 2127937410L, -953088522L, 432134368L, -1599534579L, 
224346045L, 1602730433L, -1534539556L, -799879889L, -681437391L, 
1779988351L, 1294841952L, -1538372679L, 1835175120L, -439414641L, 
-472685872L, -1990535712L, 2114141857L, -993784208L, 1571035669L, 
1080551079L, 257859559L, -1719640522L, 889908212L, 1425560047L, 
883723830L, 378986459L, -860967912L, -737720076L, 5276347L, 690942018L, 
-1696126989L, -1190403493L, 1398311082L, -78929910L, 1525881045L, 
726437583L, -203998379L, 2064541541L, 1641638701L, 77557396L, 
-704953065L, -1709576165L, -841075792L, 1718660549L, -1555133531L, 
-68866776L, 2053926927L, -1738373528L, -630216080L, -236650648L, 
287834232L, -944497073L, -940691880L, -79243408L, -824476949L, 
449873105L, -1255678818L, 1221107142L, 1615597414L, 976527396L, 
-1304964854L, 850329203L, 1252247695L, 742058287L, -552582517L, 
-1918400705L, 1960950874L, 1750809776L, -79150256L, -915475002L, 
536671137L, -1979367323L, 908939133L, 915042510L, -449723450L, 
-1052654820L, 783351729L, 1865679410L, 1762660142L, -1769573559L, 
-778599618L, 370376868L, -1318157162L, 1266310668L, -1337607649L, 
1209789037L, 602343548L, 414885791L, 565860039L, -1783099758L, 
-2066838912L, 1519897257L, 2067569372L, 744585504L, 1800039331L, 
-1226722441L, -1652199013L, -1998359304L, -414618769L, 1892253457L, 
1760436332L, 2065799684L, 1436180545L, -1788007316L, -2069324297L, 
-1659565592L, 1949883499L, 1584622767L, 1626920410L, -2106179264L, 
-2041772093L, 1106352848L, 1137909584L, -1384490680L, 1001546343L, 
-1492985060L, 691953499L, 1550721198L, 894690883L, -555017747L, 
435015584L, 60532795L, 350082297L, 1997149702L, 1407718232L, 
626347867L, -755833630L, 1923023090L, -1510424004L, -1309535745L, 
424080573L, -1343601397L, 372935660L, -1714245402L, 2104434853L, 
-1290714061L, -1182499202L, 618057024L, -2107341563L, 1222826882L, 
677125772L, 974079836L, -1238932316L, -1287183738L, 1811180760L, 
-773316122L, 1083757514L, 315490298L, 548548670L, -1411796616L, 
-100489080L, 443237795L, -223951008L, 1918833466L, 9806562L, 
383305725L, 1751918583L, -2130941442L, -1341390286L, 1772745070L, 
-657002800L, 255183534L, -672227797L, 1781172865L, 938063525L, 
-1243717619L, -1937306058L, 1269288915L, 2019793809L, 80867752L, 
1861729664L, -1539374040L, -381902789L, 1056987525L, -2081897544L, 
-365709986L, 400238984L, 1025082692L, -686520397L, 1151014520L, 
-1170703788L, 2008767174L, 325489260L, -493134970L, -1465172531L, 
67004257L, -1369105541L, 1147547080L, 1644522222L, 1385181298L, 
71584195L, -134041407L, 1721007401L, -1670116530L, -1232592005L, 
-1344512866L, 1404441635L, -1161050075L, 309668507L, 1858992885L, 
-579505338L, -67660091L, -1167066873L, 443153146L, -2032599233L, 
-1288203445L, 1204800612L, -913184387L, -1490479382L, -1239012651L, 
1137992909L, -1892170967L, -1180493356L, -2130599428L, 1458917743L, 
1503998985L, -130269097L, -1254800807L, -1823886924L, -1608109498L, 
1895878511L, 1080149322L, 828061255L, -730853840L, -1693507829L, 
-705538306L, 1192531293L, 1237601062L, 650693110L, -1370615981L, 
-1337721252L, 2100407597L, -164975518L, 433269377L, 531324475L, 
-1516855044L, 578976673L, 2033037950L, 1109286823L, -1279437706L, 
-1730385867L, -741016915L, -165095551L, -2052293992L, 190452674L, 
-951920397L, 724550239L, 430269203L, -1473999601L, 1961982572L, 
-891579473L, -1609553098L, -754446168L, 1276198042L, -1613303988L, 
-179593630L, -1100236538L, 1722085165L, 1656797149L, 1115068823L, 
1118648085L, -1488197748L, -1603138195L, 841880701L, -1220856180L, 
